14891
14879
14862
14839
14812
14780
14744
14702
14656
14605
14549
14489
14424
14355
14281
14203
14121
14034
13944
13849
13751
13648
13542
13433
13319
13203
13083
12960
12834
12705
12573
12439
12302
12162
12020
11877
11731
11583
11433
11282
11130
10976
10821
10665
10508
10350
10192
10033
9874
9715
9556
9397
9238
9080
8923
8766
8610
8455
8302
8149
7998
7849
7701
7556
7412
7270
7131
6994
6859
6727
6598
6472
6348
6228
6111
5997
5886
5779
5675
5575
5479
5386
5298
5213
5132
5055
4982
4914
4850
4789
4734
4682
4635
4592
4554
4520
4491
4466
4445
4429
4417
4410
4407
4409
4415
4425
4440
4459
4482
4510
4541
4577
4617
4661
4708
4760
4816
4875
4938
5004
5074
5148
5224
5304
5387
5473
5562
5654
5749
5846
5946
6048
6152
6259
6367
6477
6590
6703
6819
6936
7054
7173
7293
7414
7536
7658
7781
7905
8028
8152
8275
8399
8522
8645
8767
8888
9009
9128
9247
9364
9480
9594
9707
9819
9928
10036
10141
10245
10346
10445
10541
10635
10726
10814
10900
10983
11062
11139
11212
11282
11349
11413
11473
11529
11582
11632
11677
11719
11757
11792
11822
11849
11872
11891
11906
11917
11924
11927
11927
11922
11913
11900
11884
11863
11839
11811
11778
11743
11703
11659
11612
11561
11507
11449
11388
11323
11255
11183
11108
11030
10949
10865
10778
10689
10596
10501
10403
10303
10200
10095
9988
9879
9768
9655
9540
9424
9306
9186
9065
8943
8820
8696
8571
8446
8319
8192
8065
7938
7810
7682
7555
7427
7300
7173
7047
6921
6797
6673
6550
6428
6307
6188
6070
5953
5839
5725
5614
5505
5397
5292
5189
5088
4989
4893
4800
4709
4621
4535
4452
4372
4295
4221
4150
4082
4018
3956
3898
3843
3791
3743
3698
3656
3618
3583
3551
3523
3499
3478
3460
3446
3436
3429
3425
3425
3428
3434
3444
3457
3474
3493
3516
3543
3572
3604
3640
3678
3719
3763
3810
3860
3912
3967
4025
4085
4147
4212
4278
4347
4418
4491
4566
4643
4721
4801
4883
4966
5050
5135
5222
5309
5398
5487
5577
5668
5759
5851
5942
6035
6127
6219
6311
6403
6495
6586
6677
6767
6857
6945
7033
7120
7206
7290
7374
7456
7537
7616
7693
7769
7843
7915
7986
8054
8120
8185
8247
8306
8364
8419
8472
8522
8569
8614
8657
8696
8733
8768
8799
8828
8854
8877
8897
8914
8928
8939
8947
8953
8955
8954
8950
8944
8934
8922
8906
8888
8866
8842
8815
8785
8752
8717
8679
8638
8594
8548
8499
8448
8394
8337
8279
8218
8155
8089
8022
7952
7880
7807
7731
7654
7575
7495
7412
7329
7244
7157
7070
6981
6891
6800
6708
6615
6522
6428
6333
6238
6142
6046
5950
5854
5758
5661
5565
5469
5373
5278
5183
5088
4995
4901
4809
4718
4627
4538
4449
4362
4276
4191
4107
4026
3945
3866
3789
3713
3640
3568
3497
3429
3363
3299
3236
3176
3118
3063
3009
2958
2909
2862
2818
2776
2737
2700
2665
2633
2603
2576
2551
2529
2509
2491
2477
2464
2454
2447
2442
2439
2439
2441
2446
2453
2462
2474
2488
2504
2522
2543
2565
2590
2617
2645
2676
2709
2743
2779
2817
2857
2898
2941
2985
3031
3078
3127
3177
3228
3280
3333
3387
3443
3499
3555
3613
3671
3730
3789
3849
3909
3969
4030
4091
4152
4213
4274
4334
4395
4455
4515
4574
4634
4692
4750
4807
4864
4920
4974
5028
5081
5133
5184
5234
5282
5330
5376
5420
5464
5505
5546
5584
5621
5657
5691
5723
5754
5782
5809
5834
5858
5879
5899
5916
5932
5946
5957
5967
5975
5981
5985
5987
5986
5984
5980
5974
5966
5956
5944
5930
5914
5896
5876
5854
5831
5806
5778
5749
5719
5686
5652
5616
5578
5539
5499
5456
5413
5368
5321
5273
5224
5174
5122
5069
5015
4960
4904
4847
4789
4730
4671
4610
4549
4488
4425
4363
4299
4236
4172
4107
4043
3978
3913
3848
3783
3718
3653
3588
3524
3459
3395
3331
3268
3205
3143
3081
3020
2959
2899
2840
2782
2724
2668
2612
2557
2504
2451
2399
2349
2299
2251
2204
2159
2114
2071
2029
1988
1949
1911
1875
1840
1807
1774
1744
1715
1687
1661
1636
1613
1591
1571
1553
1536
1520
1506
1493
1482
1473
1464
1458
1452
1449
1446
1445
1446
1448
1451
1455
1461
1468
1476
1485
1496
1508
1521
1535
1550
1566
1583
1601
1620
1640
1661
1683
1705
1728
1752
1777
1802
1828
1854
1881
1908
1936
1964
1992
2021
2050
2079
2108
2138
2167
2197
2227
2256
2286
2315
2345
2374
2403
2431
2460
2488
2515
2542
2569
2595
2621
2646
2671
2695
2719
2742
2764
2785
2806
2826
2845
2863
2880
2897
2913
2927
2941
2954
2966
2978
2988
2997
3005
3012
3018
3023
3028
3031
3033
3034
3034
3033
3031
3027
3023
3018
3012
3005
2997
2987
2977
2966
2954
2941
2927
2912
2896
2879
2861
2843
2824
2803
2782
2761
2738
2715
2691
2666
2641
2615
2588
2561
2533
2504
2475
2446
2416
2386
2355
2324
2292
2260
2228
2195
2162
2129
2096
2063
2029
1996
1962
1928
1894
1860
1826
1792
1758
1725
1691
1657
1624
1591
1558
1525
1492
1460
1428
1396
1365
1334
1303
1273
1243
1214
1185
1156
1128
1100
1073
1046
1020
994
969
944
920
897
874
851
829
808
787
767
747
728
710
692
675
658
642
626
611
597
583
570
557
544
533
522
511
501
491
482
473
465
457
449
442
436
430
424
419
414
409
405
401
397
393
390
387
385
382
380
378
376
374
373
372
370
369
368
367
366
365
365
364
363
362
361
360
360
359
357
356
355
354
352
351
349
347
345
343
341
339
336
333
330
327
323
320
316
312
308
303
299
294
289
283
278
272
266
260
253
247
240
233
226
218
211
203
195
187
178
170
161
153
144
135
125
116
107
97
88
78
68
59
49
39
29
19
9
