100
103
106
109
112
115
118
121
124
127
130
133
136
139
142
145
148
150
153
156
158
161
163
166
168
170
172
175
177
179
180
182
184
186
187
189
190
191
193
194
195
196
196
197
198
198
199
199
199
199
199
199
199
199
199
198
198
197
196
195
195
194
192
191
190
189
187
185
184
182
180
178
176
174
172
170
168
165
163
161
158
155
153
150
147
145
142
139
136
133
130
127
124
121
118
115
112
109
105
102
99
96
93
90
87
84
80
77
74
71
68
65
62
59
57
54
51
48
46
43
40
38
35
33
31
29
26
24
22
20
18
17
15
13
12
10
9
8
6
5
4
3
3
2
1
1
0
0
0
0
0
0
0
0
0
1
1
2
3
4
5
6
7
8
9
11
12
14
15
17
19
21
23
25
27
29
31
34
36
39
41
44
46
49
52
55
57
60
63
66
69
72
75
78
81
84
88
91
94
97
100
103
106
110
113
116
119
122
125
128
131
134
137
140
143
146
148
151
154
156
159
161
164
166
168
171
173
175
177
179
181
183
184
186
187
189
190
192
193
194
195
196
197
197
198
198
199
199
199
199
199
199
199
199
199
198
198
197
196
195
194
193
192
191
190
188
187
185
183
182
180
178
176
174
172
170
167
165
163
160
158
155
152
150
147
144
141
138
135
133
130
127
123
120
117
114
111
108
105
102
99
95
92
89
86
83
80
77
74
71
68
65
62
59
56
53
50
48
45
42
40
37
35
33
30
28
26
24
22
20
18
16
15
13
11
10
9
7
6
5
4
3
2
2
1
1
0
0
0
0
0
0
0
0
0
1
1
2
3
4
5
6
7
8
10
11
12
14
16
17
19
21
23
25
27
30
32
34
37
39
42
44
47
50
52
55
58
61
64
67
70
73
76
79
82
85
88
91
94
98
101
104
107
110
113
116
119
123
126
129
132
135
138
140
143
146
149
152
154
157
159
162
164
167
169
171
173
175
177
179
181
183
185
186
188
189
191
192
193
194
195
196
197
197
198
198
199
199
199
199
199
199
199
199
199
198
197
197
196
195
194
193
192
191
189
188
186
185
183
181
180
178
176
174
171
169
167
164
162
160
157
154
152
149
146
144
141
138
135
132
129
126
123
120
117
114
110
107
104
101
98
95
92
89
85
82
79
76
73
70
67
64
61
58
55
53
50
47
45
42
39
37
35
32
30
28
25
23
21
19
18
16
14
13
11
10
8
7
6
5
4
3
2
2
1
0
0
0
0
0
0
0
0
0
1
1
2
2
3
4
5
6
7
8
10
11
13
14
16
18
20
22
24
26
28
30
32
35
37
40
42
45
47
50
53
56
59
61
64
67
70
73
76
80
83
86
89
92
95
98
101
105
108
111
114
117
120
123
126
129
132
135
138
141
144
147
149
152
155
157
160
162
165
167
169
172
174
176
178
180
182
183
185
187
188
189
191
192
193
194
195
196
197
198
198
199
199
199
199
199
199
199
199
199
198
198
197
197
196
195
194
193
192
190
189
188
186
184
183
181
179
177
175
173
171
169
166
164
162
159
157
154
151
149
146
143
140
137
134
131
128
125
122
119
116
113
110
107
104
100
97
94
91
88
85
82
79
76
72
69
66
64
61
58
55
52
49
47
44
41
39
36
34
32
29
27
25
23
21
19
17
16
14
12
11
9
8
7
6
5
4
3
2
1
1
0
0
0
0
0
0
0
0
0
1
1
2
2
3
4
5
6
7
9
10
12
13
15
16
18
20
22
24
26
28
31
33
35
38
40
43
45
48
51
53
56
59
62
65
68
71
74
77
80
83
86
89
93
96
99
102
105
108
111
115
118
121
124
127
130
133
136
139
142
144
147
150
153
155
158
160
163
165
168
170
172
174
176
178
180
182
184
185
187
188
190
191
192
193
194
195
196
197
198
198
199
199
199
199
199
199
199
199
199
198
198
197
196
196
195
194
193
191
190
189
187
186
184
182
181
179
177
175
173
170
168
166
164
161
159
156
153
151
148
145
142
140
137
134
131
128
125
122
119
115
112
109
106
103
100
97
94
90
87
84
81
78
75
72
69
66
63
60
57
54
52
49
46
44
41
38
36
34
31
29
27
25
23
21
19
17
15
14
12
10
9
8
7
5
4
4
3
2
1
1
0
0
0
0
0
0
0
0
0
1
1
2
3
3
4
5
6
8
9
10
12
13
15
17
19
20
22
24
27
29
31
33
36
38
41
43
46
49
51
54
57
60
63
66
69
72
75
78
81
84
87
90
93
96
99
